l=4
p1=0.03
p10=400
p11=0.2
p2=40
p3=6000
p4=200
p5=1500
p6=0.55
p7=0.5
p8=2
p9=300
est_p1=0.026778
est_p10=400
est_p11=0.172628
est_p2=32.453414
est_p3=6532.674290
est_p4=169.114932
est_p5=1696.475698
true_wind=1
vmax=1.4
