l=4
p1=0.03
p10=400
p10est=400
p11=0.2
p11est=0.172628
p1est=0.026778
p2=40
p2est=32.453414
p3=6000
p3est=6532.674290
p4=200
p4est=169.114932
p5=1500
p5est=1696.475698
p6=0.55
p7=0.5
p8=2
p9=300
true_wind=1
