l=4
p1=0.03
p10=400
p10est=400
p11=0.2
p11est=0.170107
p1est=0.024123
p2=40
p2est=34.902024
p3=6000
p3est=6959.248131
p4=200
p4est=179.455344
p5=1500
p5est=1844.126692
p6=0.55
p7=0.5
p8=2
p9=300
true_wind=1
