l=4
p1=0.03
p10=400
p10est=400
p11=0.2
p11est=0.179736
p1est=0.030710
p2=40
p2est=37.807220
p3=6000
p3est=6101.213660
p4=200
p4est=187.030032
p5=1500
p5est=1547.455599
p6=0.55
p7=0.5
p8=2
p9=300
true_wind=1
